accuracy
0.8913043478260869
