accuracy
0.8677839851024208
